name: ireads
channels:
  - conda-forge
  - bioconda
  - defaults
  - r
dependencies:
  - _libgcc_mutex=0.1=conda_forge
  - _openmp_mutex=4.5=2_gnu
  - argparse=1.4.0=py36_0
  - bedops=2.4.41=h9f5acd7_0
  - bzip2=1.0.8=h7f98852_4
  - c-ares=1.18.1=h7f98852_0
  - ca-certificates=2022.9.24=ha878542_0
  - certifi=2016.9.26=py36_0
  - curl=7.86.0=h7bff187_1
  - htslib=1.16=h6bc39ce_0
  - keyutils=1.6.1=h166bdaf_0
  - krb5=1.19.3=h3790be6_0
  - ld_impl_linux-64=2.39=hcc3a1bd_1
  - libcurl=7.86.0=h7bff187_1
  - libdeflate=1.13=h166bdaf_0
  - libedit=3.1.20191231=he28a2e2_2
  - libev=4.33=h516909a_1
  - libffi=3.4.2=h7f98852_5
  - libgcc-ng=12.2.0=h65d4601_19
  - libgomp=12.2.0=h65d4601_19
  - libnghttp2=1.47.0=hdcd2b5c_1
  - libnsl=2.0.0=h7f98852_0
  - libsqlite=3.40.0=h753d276_0
  - libssh2=1.10.0=haa6b8db_3
  - libstdcxx-ng=12.2.0=h46fd767_19
  - libzlib=1.2.13=h166bdaf_4
  - ncurses=6.3=h27087fc_1
  - openssl=1.1.1s=h0b41bf4_1
  - perl=5.32.1=2_h7f98852_perl5
  - perl-apache-test=1.43=pl5321hdfd78af_0
  - perl-app-cpanminus=1.7046=pl5321hd8ed1ab_0
  - perl-base=2.23=pl5321hdfd78af_2
  - perl-carp=1.38=pl5321hdfd78af_4
  - perl-class-load=0.25=pl5321hdfd78af_1
  - perl-class-load-xs=0.10=pl5321h9f5acd7_6
  - perl-class-method-modifiers=2.13=pl5321hdfd78af_0
  - perl-constant=1.33=pl5321hdfd78af_2
  - perl-data-optlist=0.112=pl5321hdfd78af_0
  - perl-devel-globaldestruction=0.14=pl5321hdfd78af_1
  - perl-devel-overloadinfo=0.007=pl5321hdfd78af_0
  - perl-devel-stacktrace=2.04=pl5321hdfd78af_1
  - perl-dist-checkconflicts=0.11=pl5321hdfd78af_3
  - perl-eval-closure=0.14=pl5321h9f5acd7_6
  - perl-exporter=5.72=pl5321hdfd78af_2
  - perl-extutils-makemaker=7.64=pl5321hd8ed1ab_0
  - perl-file-path=2.18=pl5321hd8ed1ab_0
  - perl-file-temp=0.2304=pl5321hd8ed1ab_0
  - perl-getopt-long=2.54=pl5321hdfd78af_0
  - perl-module-implementation=0.09=pl5321hdfd78af_3
  - perl-module-runtime=0.016=pl5321hdfd78af_2
  - perl-module-runtime-conflicts=0.003=pl5321hdfd78af_1
  - perl-moo=2.005004=pl5321hdfd78af_0
  - perl-moose=2.2201=pl5321hec16e2b_2
  - perl-mro-compat=0.15=pl5321hdfd78af_0
  - perl-package-deprecationmanager=0.17=pl5321hdfd78af_1
  - perl-package-stash=0.40=pl5321h87f3376_1
  - perl-package-stash-xs=0.29=pl5321h87f3376_1
  - perl-parallel-forkmanager=2.02=pl5321hdfd78af_1
  - perl-params-util=1.102=pl5321h166bdaf_0
  - perl-parent=0.236=pl5321hdfd78af_2
  - perl-pathtools=3.75=pl5321hec16e2b_3
  - perl-role-tiny=2.002004=pl5321hdfd78af_0
  - perl-scalar-list-utils=1.62=pl5321hec16e2b_1
  - perl-storable=3.15=pl5321hec16e2b_3
  - perl-sub-exporter=0.988=pl5321hdfd78af_0
  - perl-sub-exporter-progressive=0.001013=pl5321hdfd78af_1
  - perl-sub-identify=0.14=pl5321hec16e2b_2
  - perl-sub-install=0.928=pl5321hdfd78af_3
  - perl-sub-name=0.21=pl5321hec16e2b_3
  - perl-sub-quote=2.006006=pl5321hdfd78af_0
  - perl-test-leaktrace=0.17=pl5321hec16e2b_1
  - perl-try-tiny=0.31=pl5321hdfd78af_1
  - pip=21.2.4=pyhd8ed1ab_0
  - python=3.6.15=hb7a2778_0_cpython
  - python_abi=3.6=2_cp36m
  - readline=8.1.2=h0f457ee_0
  - samtools=1.16.1=h6899075_1
  - setuptools=49.6.0=py36h5fab9bb_3
  - sqlite=3.40.0=h4ff8645_0
  - tk=8.6.12=h27826a3_0
  - wheel=0.34.2=py36_0
  - xz=5.2.6=h166bdaf_0
  - zlib=1.2.13=h166bdaf_4
prefix: /g/furlong/forneris/software/Anaconda3/envs/ireads

